========== LORA GPS PACKET ==========
[BOOT] ESP32 LoRa GPS Receiver (reliability)
[RF RX] bytes=54 raw="GPS,1,1,23.798105,90.449654,2026-08-10,07:23:17,8,1.07"
DASH,GPS,120,1,23.797930,90.449760,2026-08-12,04:44:49,9,0.96,-62,7.83,89,13,0,0,0,100.00
DASH,STM,120,670,261,253,204,60,-16,-33,-33,-46,3739,3727,3647,3287,2999,2923,2923,2863,1,2791,4438,1,3188,6021,-62,7.83,89,14,0,0,0,100.00
DASH,GPS,121,1,23.797823,90.449903,2026-08-12,04:44:49,4,1.0,-64,7.74,81,14,0,0,0,100.00
DASH,STM,121,671,263,255,206,62,-14,-31,-31,-44,3742,3730,3650,3290,3002,2926,2926,2866,1,2795,4443,0,-99900,-99900,-64,7.74,81,15,0,0,0,100.00
DASH,GPS,122,1,23.798020,90.449724,2026-08-12,04:44:49,8,1.05,-67,9.71,89,15,0,0,0,100.00
DASH,STM,122,672,265,257,208,64,-12,-29,-29,-42,3745,3733,3653,3293,3005,2929,2929,2869,1,2799,4448,0,-99900,-99900,-67,9.71,89,16,0,0,0,100.00
DASH,GPS,123,1,23.798179,90.449931,2026-08-12,04:44:49,7,0.96,-67,7.66,82,16,0,0,0,100.00
DASH,STM,123,673,267,259,210,66,-10,-27,-27,-40,3748,3736,3656,3296,3008,2932,2932,2872,1,2803,4453,0,-99900,-99900,-67,7.66,82,17,0,0,0,100.00
DASH,GPS,124,1,23.797916,90.449758,2026-08-12,04:44:49,4,1.59,-62,10.36,82,17,0,0,0,100.00
DASH,STM,124,674,269,261,212,68,-8,-25,-25,-38,3751,3739,3659,3299,3011,2935,2935,2875,1,2807,4458,0,-99900,-99900,-62,10.36,82,18,0,0,0,100.00
DASH,GPS,125,1,23.797841,90.449928,2026-08-12,04:44:49,5,1.35,-62,9.99,89,18,0,0,0,100.00
DASH,STM,125,675,271,263,214,70,-6,-23,-23,-36,3754,3742,3662,3302,3014,2938,2938,2878,1,2811,4463,1,3188,6021,-62,9.99,89,19,0,0,0,100.00
DASH,GPS,126,1,23.797824,90.449782,2026-08-12,04:44:49,9,1.54,-58,8.6,89,19,0,0,0,100.00
DASH,STM,126,676,273,265,216,72,-4,-21,-21,-34,3757,3745,3665,3305,3017,2941,2941,2881,1,2815,4468,0,-99900,-99900,-58,8.6,89,20,0,0,0,100.00
DASH,GPS,127,1,23.798169,90.449845,2026-08-12,04:44:49,5,1.85,-59,10.23,81,20,0,0,0,100.00
DASH,STM,127,677,261,253,204,60,-16,-33,-33,-46,3739,3727,3647,3287,2999,2923,2923,2863,1,2791,4438,0,-99900,-99900,-59,10.23,81,21,0,0,0,100.00
DASH,GPS,128,1,23.798030,90.449910,2026-08-12,04:44:49,6,1.78,-66,9.63,81,21,0,0,0,100.00
DASH,STM,128,678,263,255,206,62,-14,-31,-31,-44,3742,3730,3650,3290,3002,2926,2926,2866,1,2795,4443,0,-99900,-99900,-66,9.63,81,22,0,0,0,100.00
DASH,GPS,129,1,23.797847,90.449867,2026-08-12,04:44:49,10,1.31,-63,8.98,90,22,0,0,0,100.00
DASH,STM,129,679,265,257,208,64,-12,-29,-29,-42,3745,3733,3653,3293,3005,2929,2929,2869,1,2799,4448,0,-99900,-99900,-63,8.98,90,23,0,0,0,100.00
DASH,GPS,130,1,23.797831,90.449923,2026-08-12,04:44:49,10,1.95,-65,8.69,85,23,0,0,0,100.00
DASH,STM,130,680,267,259,210,66,-10,-27,-27,-40,3748,3736,3656,3296,3008,2932,2932,2872,1,2803,4453,1,3188,6021,-65,8.69,85,24,0,0,0,100.00
DASH,GPS,131,1,23.798038,90.449932,2026-08-12,04:44:49,7,0.98,-69,10.81,87,24,0,0,0,100.00
DASH,STM,131,681,269,261,212,68,-8,-25,-25,-38,3751,3739,3659,3299,3011,2935,2935,2875,1,2807,4458,0,-99900,-99900,-69,10.81,87,25,0,0,0,100.00
DASH,GPS,132,1,23.798079,90.449726,2026-08-12,04:44:49,9,1.74,-60,9.52,90,25,0,0,0,100.00
DASH,STM,132,682,271,263,214,70,-6,-23,-23,-36,3754,3742,3662,3302,3014,2938,2938,2878,1,2811,4463,0,-99900,-99900,-60,9.52,90,26,0,0,0,100.00
DASH,GPS,133,1,23.798129,90.449814,2026-08-12,04:44:49,7,1.96,-65,7.58,87,26,0,0,0,100.00
DASH,STM,133,683,273,265,216,72,-4,-21,-21,-34,3757,3745,3665,3305,3017,2941,2941,2881,1,2815,4468,0,-99900,-99900,-65,7.58,87,27,0,0,0,100.00
DASH,GPS,134,1,23.797942,90.449944,2026-08-12,04:44:49,7,0.97,-58,8.51,91,27,0,0,0,100.00
DASH,STM,134,684,261,253,204,60,-16,-33,-33,-46,3739,3727,3647,3287,2999,2923,2923,2863,1,2791,4438,0,-99900,-99900,-58,8.51,91,28,0,0,0,100.00
DASH,GPS,135,1,23.797899,90.449856,2026-08-12,04:44:49,10,1.5,-68,9.07,88,28,0,0,0,100.00
DASH,STM,135,685,263,255,206,62,-14,-31,-31,-44,3742,3730,3650,3290,3002,2926,2926,2866,1,2795,4443,1,3188,6021,-68,9.07,88,29,0,0,0,100.00
DASH,GPS,136,1,23.797911,90.449755,2026-08-12,04:44:49,7,1.94,-66,9.97,85,29,0,0,0,100.00
DASH,STM,136,686,265,257,208,64,-12,-29,-29,-42,3745,3733,3653,3293,3005,2929,2929,2869,1,2799,4448,0,-99900,-99900,-66,9.97,85,30,0,0,0,100.00
DASH,GPS,137,1,23.798073,90.449852,2026-08-12,04:44:49,5,1.08,-68,8.03,90,30,0,0,0,100.00
DASH,STM,137,687,267,259,210,66,-10,-27,-27,-40,3748,3736,3656,3296,3008,2932,2932,2872,1,2803,4453,0,-99900,-99900,-68,8.03,90,31,0,0,0,100.00
DASH,GPS,138,1,23.797893,90.449894,2026-08-12,04:44:49,8,1.12,-66,7.51,86,31,0,0,0,100.00
DASH,STM,138,688,269,261,212,68,-8,-25,-25,-38,3751,3739,3659,3299,3011,2935,2935,2875,1,2807,4458,0,-99900,-99900,-66,7.51,86,32,0,0,0,100.00
DASH,GPS,139,1,23.798014,90.449944,2026-08-12,04:44:49,6,2.04,-59,10.51,89,32,0,0,0,100.00
DASH,STM,139,689,271,263,214,70,-6,-23,-23,-36,3754,3742,3662,3302,3014,2938,2938,2878,1,2811,4463,0,-99900,-99900,-59,10.51,89,33,0,0,0,100.00
DASH,EVENT,DUPLICATE,STM,121,-61,9.20,84,21,1,0,0,100.00
DASH,EVENT,DUPLICATE,GPS,125,-64,8.10,82,24,2,0,0,100.00
DASH,EVENT,MALFORMED,-66,7.70,78,25,2,1,1,96.00
